{
  "advancedEditorSelectedIdentifier" : "ProjectBrowser",
  "openSceneRelativePaths" : [
    "Immersive.usda",
    "Particle.usda",
    "Kiwi.usda"
  ],
  "recentIdentifiers" : {
    "A51C6AAB-9F98-411E-9204-EE519B913438" : [

    ],
    "AF09ED6F-1707-48FD-8720-65B998362C09" : [

    ],
    "CE49BB5C-3539-49B3-BDF7-4042D7E0E583" : [

    ]
  },
  "sceneCameraHistory" : {
    "A51C6AAB-9F98-411E-9204-EE519B913438" : [
      {
        "date" : 722260011.390259,
        "title" : "Untitled",
        "transform" : [
          0.9916674,
          2.863036e-05,
          0.12882492,
          0,
          0.054474782,
          0.9061023,
          -0.41953692,
          0,
          -0.116740555,
          0.42305878,
          0.8985505,
          0,
          -0.09052955,
          0.27756575,
          0.41977486,
          1
        ]
      },
      {
        "date" : 722260008.090167,
        "title" : "Untitled",
        "transform" : [
          0.9916674,
          2.863036e-05,
          0.12882492,
          0,
          0.054474782,
          0.9061023,
          -0.41953692,
          0,
          -0.116740555,
          0.42305878,
          0.8985505,
          0,
          -0.048451666,
          0.15142594,
          0.22375646,
          1
        ]
      },
      {
        "date" : 721907243.702462,
        "title" : "Untitled",
        "transform" : [
          0.9916674,
          2.863036e-05,
          0.12882492,
          0,
          0.054474782,
          0.9061023,
          -0.41953692,
          0,
          -0.116740555,
          0.42305878,
          0.8985505,
          0,
          -0.01797558,
          0.1147846,
          0.24475954,
          1
        ]
      },
      {
        "date" : 721907239.849671,
        "title" : "Untitled",
        "transform" : [
          0.99166733,
          2.862927e-05,
          0.1288249,
          0,
          0.05447478,
          0.9061023,
          -0.41953692,
          0,
          -0.11674055,
          0.42305878,
          0.8985505,
          0,
          0.0010477601,
          0.28978318,
          0.39112315,
          1
        ]
      },
      {
        "date" : 721907237.595412,
        "title" : "Untitled",
        "transform" : [
          1,
          -0,
          0,
          0,
          0,
          0.86602545,
          -0.49999997,
          0,
          0,
          0.49999994,
          0.8660254,
          0,
          0.0010477601,
          0.28978318,
          0.39112315,
          1
        ]
      },
      {
        "date" : 721907230.091593,
        "title" : "Untitled",
        "transform" : [
          0.99999994,
          0,
          0,
          0,
          0,
          0.8660254,
          -0.49999994,
          0,
          0,
          0.49999994,
          0.8660254,
          0,
          0.0010477601,
          0.28978318,
          0.39112315,
          1
        ]
      },
      {
        "date" : 721907182.515633,
        "title" : "Untitled",
        "transform" : [
          0.99999994,
          0,
          -0,
          0,
          -0,
          0.8660254,
          -0.49999994,
          0,
          0,
          0.49999994,
          0.8660254,
          0,
          0.0010477601,
          0.17883284,
          0.19895175,
          1
        ]
      },
      {
        "date" : 721905223.282072,
        "title" : "Untitled",
        "transform" : [
          0.99999994,
          0,
          -0,
          0,
          -0,
          0.8660254,
          -0.49999994,
          0,
          0,
          0.49999994,
          0.8660254,
          0,
          0,
          0.21353729,
          0.36985743,
          1
        ]
      }
    ],
    "AF09ED6F-1707-48FD-8720-65B998362C09" : [
      {
        "date" : 722260436.372783,
        "title" : "Untitled",
        "transform" : [
          0.9998857,
          -3.9560658e-10,
          0.01511708,
          0,
          0.0029804867,
          0.98037124,
          -0.19713765,
          0,
          -0.014820351,
          0.19716018,
          0.98025924,
          0,
          -0.0024314672,
          2.0258253,
          0.15664482,
          1
        ]
      },
      {
        "date" : 721904239.068616,
        "title" : "Untitled",
        "transform" : [
          0.9998857,
          -3.9560658e-10,
          0.01511708,
          0,
          0.0029804867,
          0.98037124,
          -0.19713765,
          0,
          -0.014820351,
          0.19716018,
          0.98025924,
          0,
          0.10925775,
          0.70473725,
          1.3969204,
          1
        ]
      },
      {
        "date" : 721904238.043439,
        "title" : "Untitled",
        "transform" : [
          0.9998857,
          -3.9560658e-10,
          0.01511708,
          0,
          0.0029804867,
          0.98037124,
          -0.19713765,
          0,
          -0.014820351,
          0.19716018,
          0.98025924,
          0,
          0.11911529,
          0.7683207,
          1.5229546,
          1
        ]
      },
      {
        "date" : 721745532.604925,
        "title" : "Untitled",
        "transform" : [
          0.9998857,
          -3.9560658e-10,
          0.01511708,
          0,
          0.0029804867,
          0.98037124,
          -0.19713765,
          0,
          -0.014820351,
          0.19716018,
          0.98025924,
          0,
          -0.002215609,
          0.31868085,
          0.14916632,
          1
        ]
      },
      {
        "date" : 721743389.628647,
        "title" : "Untitled",
        "transform" : [
          0.9998857,
          -3.9560658e-10,
          0.01511708,
          0,
          0.0029804867,
          0.98037124,
          -0.19713765,
          0,
          -0.014820351,
          0.19716018,
          0.98025924,
          0,
          -0.049633775,
          0.21587184,
          0.5316343,
          1
        ]
      },
      {
        "date" : 721743382.772167,
        "title" : "Untitled",
        "transform" : [
          0.9998857,
          -3.9560658e-10,
          0.01511708,
          0,
          0.0029804867,
          0.98037124,
          -0.19713765,
          0,
          -0.014820351,
          0.19716018,
          0.98025924,
          0,
          -0.0022676806,
          0.07110656,
          0.17511632,
          1
        ]
      },
      {
        "date" : 721743378.914991,
        "title" : "Untitled",
        "transform" : [
          0.9998857,
          -3.9560658e-10,
          0.01511708,
          0,
          0.0029804867,
          0.98037124,
          -0.19713765,
          0,
          -0.014820351,
          0.19716018,
          0.98025924,
          0,
          -0.0015266645,
          0.06124854,
          0.12610331,
          1
        ]
      },
      {
        "date" : 721743377.854311,
        "title" : "Untitled",
        "transform" : [
          0.9998857,
          -3.9560658e-10,
          0.01511708,
          0,
          0.0029804867,
          0.98037124,
          -0.19713765,
          0,
          -0.014820351,
          0.19716018,
          0.98025924,
          0,
          -0.0015266645,
          0.06124854,
          0.12610331,
          1
        ]
      },
      {
        "date" : 721743371.87175,
        "title" : "Untitled",
        "transform" : [
          0.9998857,
          -3.9560658e-10,
          0.01511708,
          0,
          0.0029804867,
          0.98037124,
          -0.19713765,
          0,
          -0.014820351,
          0.19716018,
          0.98025924,
          0,
          -0.0030098,
          0.120750464,
          0.24861057,
          1
        ]
      },
      {
        "date" : 721743365.78278,
        "title" : "Untitled",
        "transform" : [
          0.9998857,
          -3.9560658e-10,
          0.01511708,
          0,
          0.0029804867,
          0.98037124,
          -0.19713765,
          0,
          -0.014820351,
          0.19716018,
          0.98025924,
          0,
          -0.0030097924,
          0.120750464,
          0.24861056,
          1
        ]
      }
    ],
    "CE49BB5C-3539-49B3-BDF7-4042D7E0E583" : [
      {
        "date" : 721904203.188715,
        "title" : "Untitled",
        "transform" : [
          0.023321215,
          -1.4226416e-05,
          0.9997281,
          0,
          0.27379102,
          0.96176815,
          -0.006373194,
          0,
          -0.9615065,
          0.27386516,
          0.022433504,
          0,
          -0.04542085,
          0.010530321,
          0.0010338159,
          1
        ]
      },
      {
        "date" : 721744315.158822,
        "title" : "Untitled",
        "transform" : [
          0.023321215,
          -1.4226416e-05,
          0.9997281,
          0,
          0.27379102,
          0.96176815,
          -0.006373194,
          0,
          -0.9615065,
          0.27386516,
          0.022433504,
          0,
          -0.14493841,
          0.033602327,
          0.0032989383,
          1
        ]
      },
      {
        "date" : 721743992.002888,
        "title" : "Untitled",
        "transform" : [
          0.023321321,
          -1.4260157e-05,
          0.9997281,
          0,
          0.273791,
          0.9617681,
          -0.006373186,
          0,
          -0.9615065,
          0.27386516,
          0.022433609,
          0,
          -1.054369,
          0.27342173,
          0.13635172,
          1
        ]
      },
      {
        "date" : 721743897.693916,
        "title" : "Untitled",
        "transform" : [
          0.023321321,
          -1.4260157e-05,
          0.9997281,
          0,
          0.273791,
          0.9617681,
          -0.006373186,
          0,
          -0.9615065,
          0.27386516,
          0.022433609,
          0,
          -0.9581363,
          0.61965984,
          0.03408458,
          1
        ]
      },
      {
        "date" : 721743894.434668,
        "title" : "Untitled",
        "transform" : [
          0.9995766,
          -1.4260152e-05,
          -0.029097328,
          0,
          -0.007723902,
          0.9639943,
          -0.2658106,
          0,
          0.02805345,
          0.2659228,
          0.9635861,
          0,
          0.039767753,
          0.6117313,
          0.96299994,
          1
        ]
      },
      {
        "date" : 721743881.669473,
        "title" : "Untitled",
        "transform" : [
          0.9992474,
          7.4715967e-10,
          0.038788825,
          0,
          0.010320385,
          0.96395487,
          -0.26586568,
          0,
          -0.03739068,
          0.26606587,
          0.96322936,
          0,
          0.039767753,
          0.6117313,
          0.96299994,
          1
        ]
      },
      {
        "date" : 721743727.32675,
        "title" : "Untitled",
        "transform" : [
          0.9992474,
          7.4715967e-10,
          0.038788825,
          0,
          0.010320385,
          0.96395487,
          -0.26586568,
          0,
          -0.03739068,
          0.26606587,
          0.96322936,
          0,
          0.015475556,
          0.23805422,
          0.37474978,
          1
        ]
      },
      {
        "date" : 721743723.613096,
        "title" : "Untitled",
        "transform" : [
          0.9992474,
          7.4715967e-10,
          0.038788825,
          0,
          0.010320384,
          0.96395475,
          -0.26586565,
          0,
          -0.03739068,
          0.26606587,
          0.96322936,
          0,
          -0.015843527,
          0.11273997,
          0.40814856,
          1
        ]
      },
      {
        "date" : 721743720.425678,
        "title" : "Untitled",
        "transform" : [
          0.99999994,
          0,
          0,
          0,
          0,
          0.8660254,
          -0.49999988,
          0,
          0,
          0.49999988,
          0.8660254,
          0,
          0,
          0.21186468,
          0.36696038,
          1
        ]
      },
      {
        "date" : 721743518.220219,
        "title" : "Untitled",
        "transform" : [
          0.99999994,
          0,
          -0,
          0,
          -0,
          0.8660254,
          -0.49999988,
          0,
          0,
          0.49999988,
          0.8660254,
          0,
          0,
          0.22834562,
          0.39550626,
          1
        ]
      }
    ]
  },
  "selectedSceneRelativePath" : "Immersive.usda"
}